Total amount of free biome ids: D:\Program Files\Minecraft\MultiMC\instances\Lizardpack-5.0-5.11\minecraft\config\AntiIDConflict\biomes\avaibleIDs.txt
List of free biome ids:
59
60
61
62
63
64
65
66
67
68
76
77
78
79
80
81
82
83
84
85
86
87
88
89
90
91
92
93
94
95
96
97
98
99
101
106
120
121
122
123
124
125
128
135
136
137
138
139
141
142
143
144
145
146
147
148
150
153
154
159
168
169
170
171
172
173
174
175
176
177
178
179
180
181
182
183
184
185
186
187
188
189
190
191
196
204
205
206
207
208
209
212
213
214
215
216
217
218
219
227
228
229
230
231
232
233
234
235
236
237
238
239
243
249
250
251
252
253
254
255
